	C2T_1	C2T_2	C2T_3	C2T_4	C2T_5	C2T_6	C2T_7	C2T_8	C2T_9	C2T_10	C2T_11	C2T_12	C2T_13	C2T_14	C2T_15	C2T_16	C2T_17	C2T_18	C2T_19	C2T_20	C2T_21	C2T_22	C2T_23	C2T_24	C2T_25	C2T_26	C2T_27	C2T_28	C2T_29	C2T_30	C2T_31	C2T_32	C2T_33	C2T_34	C2T_35	C2T_36	C2T_37	C2T_38	C2T_39	C2T_40	C2T_41	C2T_42	C2T_43	C2T_44	C2T_45	C2T_46	C2T_47	C2T_48	C2T_49	C2T_50	C2T_51	C2T_52	C2T_53
C1T_1	1	0	0	0.059784	-0.001498869	0.01016356	0.04619974	-0.04379516	0.004962756	0.04477699	-0.02034599	0.04083578	-0.1335391	0.05854291	0.02916891	0	0.09813628	0.6045831	-0.02488231	0	-0.1056477	0.01187339	1	0	0.02486994	0	0.07658154	0.07500567	0	0.002872913	-0.02782294	0.004364305	0.04283211	0	0.05055491	0.04731203	-0.037211	0.04577471	-0.01945688	-0.0001937426	0	0.05424139	0.1382719	0.09349147	-0.0519785	0.004203491	0.06994807	0.1420341	-0.009403571	0.08831283	0.1379665	0.203712	0
C1T_2	0	0	0	0	0	0	0	0	0	0	0	0	0	0	0	0	0	0	0	0	0	0	0	0	0	0	0	0	0	0	0	0	0	0	0	0	0	0	0	0	0	0	0	0	0	0	0	0	0	0	0	0	0
C1T_3	0	0	0	0	0	0	0	0	0	0	0	0	0	0	0	0	0	0	0	0	0	0	0	0	0	0	0	0	0	0	0	0	0	0	0	0	0	0	0	0	0	0	0	0	0	0	0	0	0	0	0	0	0
C1T_4	0.059784	0	0	1	0.1549287	0.07152727	-0.01225793	0.04512589	-0.05404868	0.07801154	0.1679349	0.1389508	-0.01146187	0.005706647	0.02490368	0	0.07269222	0.07762708	-0.03418263	0	0.0264326	0.1464305	0.059784	0	-0.08280638	0	0.0702776	0.5227399	0	0.1248918	-0.05478969	0.02678288	0.00666871	0	0.0985511	0.06904081	9.982991E-05	0.0418522	0.05498064	0.00597011	0	0.09009954	0.2358408	0.04064432	0.0514845	0.06666481	0.04757292	0.03309009	0.0522745	-0.017661	0.1294011	0.2754191	0
C1T_5	-0.001498869	0	0	0.1549287	1	0.1937903	-0.1120775	0.03105609	-0.009876338	0.2655292	0.04335884	0.07324035	0.04167918	0.06721809	0.09662098	0	0.1393018	0.0602552	-0.1098135	0	-0.0206715	0.02993773	-0.001498869	0	0.09059824	0	0.1541973	0.07464644	0	0.160546	-0.02135026	0.1247461	0.03511175	0	-0.01766774	-0.05281216	-0.02091649	0.2081756	0.07080999	0.1781128	0	-0.03185707	0.1608226	0.04699085	0.02261714	0.01130635	0.06583629	-0.08016679	0.02866645	-0.01720923	-0.1510877	0.04688961	0
C1T_6	0.01016356	0	0	0.07152727	0.1937903	1	-0.04326642	0.08733249	-0.09127051	0.1397778	0.1301108	0.2941584	-0.05224375	-0.01599139	0.02767251	0	0.03042916	0.02989781	0.03799563	0	-0.0512002	0.09235277	0.01016356	0	0.0506906	0	0.2755168	0.02288393	0	-0.06584646	-0.008366073	-0.0498721	0.006271204	0	0.02452822	-0.04950244	0.02241502	0.09210203	0.02904792	0.09867354	0	-0.05099383	0.2317411	0.07954877	0.2262117	-0.04197574	0.1221402	0.02510126	0.3697525	0.03700633	-0.0110217	0.1016911	0
C1T_7	0.04619974	0	0	-0.01225793	-0.1120775	-0.04326642	1	-0.1458018	0.04268984	-0.05934847	0.04112793	0.08000124	-0.08173924	-0.1068212	-0.03052936	0	-0.006161288	0.03187707	0.01066573	0	0.06733742	-0.09408538	0.04619974	0	-0.06696323	0	-0.1054872	0.0557558	0	0.06007278	-0.03852491	-0.07418768	0.01282616	0	0.1210571	0.07235821	0.001184848	0.02060099	-0.04412745	-0.03751688	0	0.09558035	0.04908222	0.03943721	0.02871913	0.07007634	-0.0497357	-0.03560323	0.06137244	0.03789428	0.017108	0.003035248	0
C1T_8	-0.04379516	0	0	0.04512589	0.03105609	0.08733249	-0.1458018	1	-0.02929193	-0.1308972	0.1483549	0.5131983	0.08511277	-0.01068509	0.09796035	0	0.05665969	0.07972246	0.1566633	0	-0.03589001	0.01206834	-0.04379516	0	0.04397487	0	-0.00156282	0.03340274	0	0.0589876	-0.007071993	0.01721706	0.09140544	0	0.09585076	0.06885469	0.05463797	-0.08620059	0.1009733	-0.0482144	0	0.05973122	0.3074335	0.04761143	0.06375558	-0.07052323	-0.02072729	-0.01901073	0.1152377	0.02781907	0.03987914	0.08696524	0
C1T_9	0.004962756	0	0	-0.05404868	-0.009876338	-0.09127051	0.04268984	-0.02929193	1	0.1761355	-0.05168051	0.09007537	0.06034777	-0.05693283	0.0447901	0	-0.007003488	0.08075468	0.08822051	0	-0.02071077	0.05519997	0.004962756	0	0.01342906	0	-0.0007423411	-0.01564745	0	0.006357502	-0.03643057	-0.04296459	0.04430268	0	0.1708144	0.05133544	0.06891347	0.1236638	0.08183292	0.01612673	0	0.04962836	0.07551666	-0.01854217	0.06737451	-0.1642061	0.0689032	-0.008661938	0.04176304	0.06588509	-0.03703771	0.07684393	0
C1T_10	0.04477699	0	0	0.07801154	0.2655292	0.1397778	-0.05934847	-0.1308972	0.1761355	1	0.08934324	0.1207889	0.02037253	0.1256666	0.05292136	0	0.06119248	0.07760745	0.02404979	0	0.01472735	0.06535916	0.04477699	0	0.1221059	0	0.02790202	0.01833587	0	0.1159517	-0.02404927	-0.01217596	0.07071465	0	-0.09208468	-0.04642866	0.05035272	0.6884552	-0.02728033	0.1572514	0	-0.07951463	0.3964495	0.01689825	0.1053492	-0.02624711	0.2159403	0.06955554	0.08902596	0.06669598	-0.06199619	0.2364022	0
C1T_11	-0.02034599	0	0	0.1679349	0.04335884	0.1301108	0.04112793	0.1483549	-0.05168051	0.08934324	1	0.2488885	0.08274173	0.06797232	-0.03550324	0	0.03105886	0.1904348	0.06024716	0	0.02498313	0.01659191	-0.02034599	0	0.01803087	0	0.05095213	0.07676121	0	0.02321034	-0.03032594	0.07553028	-0.05833861	0	0.1551336	0.1679231	-0.03273088	0.1214854	0.09485158	0.02044918	0	0.1288287	0.2479617	0.1783167	0.1224021	0.007760736	0.07309347	0.05722151	0.1617146	0.06264473	0.1114085	0.1102928	0
C1T_12	0.04083578	0	0	0.1389508	0.07324035	0.2941584	0.08000124	0.5131983	0.09007537	0.1207889	0.2488885	1	-0.0742522	-0.05158683	0.1380402	0	0.01860789	0.178982	0.2148673	0	-0.05426542	0.03522115	0.04083578	0	0.03005961	0	0.1564132	0.07037972	0	0.09853818	0.06062667	-0.158129	0.1368643	0	0.2392952	0.1804603	0.06675031	0.1310587	0.123539	0.01109423	0	0.253758	0.662027	0.1951308	0.1953987	0.03134934	0.1208485	-0.06062927	0.3524937	0.1253719	0.02944462	0.1154299	0
C1T_13	-0.1335391	0	0	-0.01146187	0.04167918	-0.05224375	-0.08173924	0.08511277	0.06034777	0.02037253	0.08274173	-0.0742522	1	-0.03673305	-0.00309636	0	-0.1150416	0.07992849	0.03488968	0	-0.03565022	0.08863394	-0.1335391	0	0.03277976	0	0.007937814	-0.02432656	0	0.03408523	-0.03755359	0.111679	0.005960651	0	0.04080481	0.04103133	-0.06205643	-0.001805121	0.01233245	0.001248968	0	0.03340203	-0.01394509	0.03554254	-0.02203714	-0.08599264	-0.05685702	-0.05136853	-0.0265047	-0.1032855	0.007534662	0.04012512	0
C1T_14	0.05854291	0	0	0.005706647	0.06721809	-0.01599139	-0.1068212	-0.01068509	-0.05693283	0.1256666	0.06797232	-0.05158683	-0.03673305	1	0.06959336	0	0.02005554	0.04743201	0.03674206	0	-0.02892517	0.06550067	0.05854291	0	-0.01238524	0	0.01294554	0.009743043	0	-0.05686588	-0.007235252	0.1635422	0.07172523	0	-0.05931568	0.02723486	0.0005192733	0.09206868	-0.0339293	-0.01024258	0	-0.025607	0.03434205	0.008693525	-0.0306192	-0.1182736	0.1119652	-0.01047373	-0.09956837	0.05834246	0.009238235	0.04271596	0
C1T_15	0.02916891	0	0	0.02490368	0.09662098	0.02767251	-0.03052936	0.09796035	0.0447901	0.05292136	-0.03550324	0.1380402	-0.00309636	0.06959336	1	0	0.0314991	0.1346774	0.05587785	0	0.03518042	0.1208387	0.02916891	0	0.09316216	0	0.018622	-0.03326172	0	0.1056956	-0.01740305	0.0358397	0.7634179	0	0.04989578	0.02383352	0.06506905	0.072785	0.02423354	0.179781	0	0.06111223	0.03101035	-0.02867169	0.0998745	0.1157929	0.03921178	-0.02505179	0.1040611	-0.03981718	-0.03344098	-0.03872335	0
C1T_16	0	0	0	0	0	0	0	0	0	0	0	0	0	0	0	0	0	0	0	0	0	0	0	0	0	0	0	0	0	0	0	0	0	0	0	0	0	0	0	0	0	0	0	0	0	0	0	0	0	0	0	0	0
C1T_17	0.09813628	0	0	0.07269222	0.1393018	0.03042916	-0.006161288	0.05665969	-0.007003488	0.06119248	0.03105886	0.01860789	-0.1150416	0.02005554	0.0314991	0	1	0.09030362	0.02015332	0	-0.03781117	0.0266388	0.09813628	0	0.04964682	0	-0.03121487	0.04816836	0	0.09440947	0.08818113	-0.004427386	0.02721862	0	-0.0294569	-0.05903393	0.1297209	0.05399781	0.02611629	-0.01179871	0	-0.03036435	0.1133105	-0.05196031	0.05170219	0.1163287	0.0328852	0.05131703	0.0537274	0.1889222	0.1084504	0.404563	0
C1T_18	0.6045831	0	0	0.07762708	0.0602552	0.02989781	0.03187707	0.07972246	0.08075468	0.07760745	0.1904348	0.178982	0.07992849	0.04743201	0.1346774	0	0.09030362	1	0.1168007	0	-0.1348552	0.1033482	0.6045831	0	0.1217104	0	0.1565068	0.05084456	0	0.02099933	0.03896768	-0.05739483	0.1842336	0	0.1227577	0.05135986	0.0255048	0.06394675	0.05242626	0.04838671	0	0.1141591	0.185289	0.2657761	0.09821606	0.1122761	0.1187476	0.1131466	0.1613561	0.07435773	0.229541	0.2053531	0
C1T_19	-0.02488231	0	0	-0.03418263	-0.1098135	0.03799563	0.01066573	0.1566633	0.08822051	0.02404979	0.06024716	0.2148673	0.03488968	0.03674206	0.05587785	0	0.02015332	0.1168007	1	0	-0.01272911	0.1085139	-0.02488231	0	-0.02455737	0	0.1722556	-0.1693513	0	-0.06239364	0.0450405	0.0250875	0.02520213	0	0.1350914	0.1335281	0.1441894	-0.03014508	0.02306617	-0.006230224	0	0.1443129	0.1566665	0.300465	0.07898995	0.01333329	-0.002268889	0.1479425	0.09477568	0.08418297	0.08504359	0.08374962	0
C1T_20	0	0	0	0	0	0	0	0	0	0	0	0	0	0	0	0	0	0	0	0	0	0	0	0	0	0	0	0	0	0	0	0	0	0	0	0	0	0	0	0	0	0	0	0	0	0	0	0	0	0	0	0	0
C1T_21	-0.1056477	0	0	0.0264326	-0.0206715	-0.0512002	0.06733742	-0.03589001	-0.02071077	0.01472735	0.02498313	-0.05426542	-0.03565022	-0.02892517	0.03518042	0	-0.03781117	-0.1348552	-0.01272911	0	1	-0.004153672	-0.1056477	0	0.05667516	0	-0.05375865	0.08081853	0	0.01217744	0.000757196	0.0189714	-0.01492824	0	0.0265821	0.04794446	0.006353388	-0.03022968	0.04983896	-0.01057819	0	0.0178037	-0.09067509	-0.01543897	-0.1029271	0.01206839	-0.04983561	0.08376196	-0.09092411	0.03924716	-0.08300433	-0.05280481	0
C1T_22	0.01187339	0	0	0.1464305	0.02993773	0.09235277	-0.09408538	0.01206834	0.05519997	0.06535916	0.01659191	0.03522115	0.08863394	0.06550067	0.1208387	0	0.0266388	0.1033482	0.1085139	0	-0.004153672	1	0.01187339	0	0.06704948	0	0.1440519	0.01181514	0	0.160125	0.016288	0.1505042	0.07581243	0	0.129912	0.08281594	0.104216	0.04082776	0.04126123	0.1572716	0	0.1104503	0.06389244	0.07272098	0.0887735	-0.04347661	-0.04062114	-0.02596842	-0.008381088	-0.04356287	0.07508694	0.04507145	0
C1T_23	1	0	0	0.059784	-0.001498869	0.01016356	0.04619974	-0.04379516	0.004962756	0.04477699	-0.02034599	0.04083578	-0.1335391	0.05854291	0.02916891	0	0.09813628	0.6045831	-0.02488231	0	-0.1056477	0.01187339	1	0	0.02486994	0	0.07658154	0.07500567	0	0.002872913	-0.02782294	0.004364305	0.04283211	0	0.05055491	0.04731203	-0.037211	0.04577471	-0.01945688	-0.0001937426	0	0.05424139	0.1382719	0.09349147	-0.0519785	0.004203491	0.06994807	0.1420341	-0.009403571	0.08831283	0.1379665	0.203712	0
C1T_24	0	0	0	0	0	0	0	0	0	0	0	0	0	0	0	0	0	0	0	0	0	0	0	0	0	0	0	0	0	0	0	0	0	0	0	0	0	0	0	0	0	0	0	0	0	0	0	0	0	0	0	0	0
C1T_25	0.02486994	0	0	-0.08280638	0.09059824	0.0506906	-0.06696323	0.04397487	0.01342906	0.1221059	0.01803087	0.03005961	0.03277976	-0.01238524	0.09316216	0	0.04964682	0.1217104	-0.02455737	0	0.05667516	0.06704948	0.02486994	0	1	0	0.1046097	-0.02434506	0	0.106209	-0.04031079	0.1008754	0.00688075	0	0.00573569	0.07375436	0.2782691	0.06060697	0.1340569	0.2001366	0	0.01520671	0.003475366	0.07070207	0.1183743	0.05402502	0.09830089	0.1277126	0.03063997	0.02380654	0.0947025	0.07331656	0
C1T_26	0	0	0	0	0	0	0	0	0	0	0	0	0	0	0	0	0	0	0	0	0	0	0	0	0	0	0	0	0	0	0	0	0	0	0	0	0	0	0	0	0	0	0	0	0	0	0	0	0	0	0	0	0
C1T_27	0.07658154	0	0	0.0702776	0.1541973	0.2755168	-0.1054872	-0.00156282	-0.0007423411	0.02790202	0.05095213	0.1564132	0.007937814	0.01294554	0.018622	0	-0.03121487	0.1565068	0.1722556	0	-0.05375865	0.1440519	0.07658154	0	0.1046097	0	1	0.05970104	0	0.02743566	-0.08805956	-0.08826226	0.01032877	0	0.1360118	0.02581563	0.01305671	0.02741584	-0.05167095	0.04466186	0	0.131193	0.2138968	0.1401468	0.1000634	-0.1243416	0.06870704	0.06068397	0.1686436	0.03408208	0.08185426	0.1399318	0
C1T_28	0.07500567	0	0	0.5227399	0.07464644	0.02288393	0.0557558	0.03340274	-0.01564745	0.01833587	0.07676121	0.07037972	-0.02432656	0.009743043	-0.03326172	0	0.04816836	0.05084456	-0.1693513	0	0.08081853	0.01181514	0.07500567	0	-0.02434506	0	0.05970104	1	0	0.0504453	-0.05515555	0.0789936	-0.05421012	0	0.06390254	0.01996817	-0.0509658	-0.03187153	-0.03997077	-0.01617235	0	0.03641794	0.08013393	-0.0004977721	-0.0120444	0.06046434	-0.02156188	0.1470814	0.0001394894	0.001391629	0.04123133	0.1619284	0
C1T_29	0	0	0	0	0	0	0	0	0	0	0	0	0	0	0	0	0	0	0	0	0	0	0	0	0	0	0	0	0	0	0	0	0	0	0	0	0	0	0	0	0	0	0	0	0	0	0	0	0	0	0	0	0
C1T_30	0.002872913	0	0	0.1248918	0.160546	-0.06584646	0.06007278	0.0589876	0.006357502	0.1159517	0.02321034	0.09853818	0.03408523	-0.05686588	0.1056956	0	0.09440947	0.02099933	-0.06239364	0	0.01217744	0.160125	0.002872913	0	0.106209	0	0.02743566	0.0504453	0	1	-0.03612892	0.09023802	0.1131981	0	0.1142424	0.07012264	0.08653237	0.1142203	0.1081908	0.0455937	0	0.07220605	0.1468149	0.01958122	0.07407793	-0.0778977	0.08110054	-0.01409767	-0.00865365	-0.05309715	0.152692	0.1029388	0
C1T_31	-0.02782294	0	0	-0.05478969	-0.02135026	-0.008366073	-0.03852491	-0.007071993	-0.03643057	-0.02404927	-0.03032594	0.06062667	-0.03755359	-0.007235252	-0.01740305	0	0.08818113	0.03896768	0.0450405	0	0.000757196	0.016288	-0.02782294	0	-0.04031079	0	-0.08805956	-0.05515555	0	-0.03612892	1	-0.1433218	-0.03227753	0	0.1124023	0.08876283	0.01641472	-0.0197774	0.05839277	-0.06808843	0	0.08057766	-0.02077283	-0.03544687	0.1372365	0.05772389	-0.05750404	0.07048425	0.1322967	0.03986522	0.1627811	-0.05947712	0
C1T_32	0.004364305	0	0	0.02678288	0.1247461	-0.0498721	-0.07418768	0.01721706	-0.04296459	-0.01217596	0.07553028	-0.158129	0.111679	0.1635422	0.0358397	0	-0.004427386	-0.05739483	0.0250875	0	0.0189714	0.1505042	0.004364305	0	0.1008754	0	-0.08826226	0.0789936	0	0.09023802	-0.1433218	1	0.07808504	0	0.1125766	0.1575137	0.08837655	-0.02845489	0.07479256	0.2268651	0	0.1236382	-0.07251384	-0.008440287	0.1344474	-0.06503237	0.07398158	0.09545676	0.1104888	-0.06336141	0.01602106	0.02215609	0
C1T_33	0.04283211	0	0	0.00666871	0.03511175	0.006271204	0.01282616	0.09140544	0.04430268	0.07071465	-0.05833861	0.1368643	0.005960651	0.07172523	0.7634179	0	0.02721862	0.1842336	0.02520213	0	-0.01492824	0.07581243	0.04283211	0	0.00688075	0	0.01032877	-0.05421012	0	0.1131981	-0.03227753	0.07808504	1	0	0.04256324	0.005119831	0.01560821	0.02892319	-0.004644733	0.08498187	0	0.0691823	0.05853147	-0.03417082	0.04806004	0.09037871	0.04883903	0.02140272	0.06581527	-0.1183601	-0.01143153	-0.01225473	0
C1T_34	0	0	0	0	0	0	0	0	0	0	0	0	0	0	0	0	0	0	0	0	0	0	0	0	0	0	0	0	0	0	0	0	0	0	0	0	0	0	0	0	0	0	0	0	0	0	0	0	0	0	0	0	0
C1T_35	0.05055491	0	0	0.0985511	-0.01766774	0.02452822	0.1210571	0.09585076	0.1708144	-0.09208468	0.1551336	0.2392952	0.04080481	-0.05931568	0.04989578	0	-0.0294569	0.1227577	0.1350914	0	0.0265821	0.129912	0.05055491	0	0.00573569	0	0.1360118	0.06390254	0	0.1142424	0.1124023	0.1125766	0.04256324	0	1	0.6468432	0.01100385	-0.03394092	0.06264022	0.01931992	0	0.8752168	0.2247777	0.1189242	0.06439972	0.05627725	-0.001797721	0.005741923	0.1790161	0.09699859	0.1643159	0.06667029	0
C1T_36	0.04731203	0	0	0.06904081	-0.05281216	-0.04950244	0.07235821	0.06885469	0.05133544	-0.04642866	0.1679231	0.1804603	0.04103133	0.02723486	0.02383352	0	-0.05903393	0.05135986	0.1335281	0	0.04794446	0.08281594	0.04731203	0	0.07375436	0	0.02581563	0.01996817	0	0.07012264	0.08876283	0.1575137	0.005119831	0	0.6468432	1	0.05867723	-0.01503033	-0.0670225	-0.03441281	0	0.7326221	0.1192725	0.1239797	0.1139031	-0.01252845	0.09864906	0.03558421	0.1300828	0.1182127	0.1011856	-0.007060467	0
C1T_37	-0.037211	0	0	9.982991E-05	-0.02091649	0.02241502	0.001184848	0.05463797	0.06891347	0.05035272	-0.03273088	0.06675031	-0.06205643	0.0005192733	0.06506905	0	0.1297209	0.0255048	0.1441894	0	0.006353388	0.104216	-0.037211	0	0.2782691	0	0.01305671	-0.0509658	0	0.08653237	0.01641472	0.08837655	0.01560821	0	0.01100385	0.05867723	1	0.07997002	0.09600163	0.07599785	0	0.01459398	0.01430681	-0.03980054	0.3388748	0.02198972	0.04835573	0.2192154	0.07000244	0.2438991	0.01455103	0.1033702	0
C1T_38	0.04577471	0	0	0.0418522	0.2081756	0.09210203	0.02060099	-0.08620059	0.1236638	0.6884552	0.1214854	0.1310587	-0.001805121	0.09206868	0.072785	0	0.05399781	0.06394675	-0.03014508	0	-0.03022968	0.04082776	0.04577471	0	0.06060697	0	0.02741584	-0.03187153	0	0.1142203	-0.0197774	-0.02845489	0.02892319	0	-0.03394092	-0.01503033	0.07997002	1	0.001604085	0.02575572	0	-0.03039489	0.3412042	0.04830592	0.1192343	-0.008787316	0.12082	0.02832627	0.06568018	0.0354138	-0.0389472	0.1684562	0
C1T_39	-0.01945688	0	0	0.05498064	0.07080999	0.02904792	-0.04412745	0.1009733	0.08183292	-0.02728033	0.09485158	0.123539	0.01233245	-0.0339293	0.02423354	0	0.02611629	0.05242626	0.02306617	0	0.04983896	0.04126123	-0.01945688	0	0.1340569	0	-0.05167095	-0.03997077	0	0.1081908	0.05839277	0.07479256	-0.004644733	0	0.06264022	-0.0670225	0.09600163	0.001604085	1	0.1459084	0	0.0127508	0.1013756	0.06594288	0.1227229	0.2106339	0.003583001	0.1022855	0.0612504	0.03049504	0.1493318	0.05624343	0
C1T_40	-0.0001937426	0	0	0.00597011	0.1781128	0.09867354	-0.03751688	-0.0482144	0.01612673	0.1572514	0.02044918	0.01109423	0.001248968	-0.01024258	0.179781	0	-0.01179871	0.04838671	-0.006230224	0	-0.01057819	0.1572716	-0.0001937426	0	0.2001366	0	0.04466186	-0.01617235	0	0.0455937	-0.06808843	0.2268651	0.08498187	0	0.01931992	-0.03441281	0.07599785	0.02575572	0.1459084	1	0	0.03838426	0.0657549	0.001160839	0.1750332	0.1251209	0.02851616	-0.007378387	0.1396451	0.01599007	0.03789856	0.03811983	0
C1T_41	0	0	0	0	0	0	0	0	0	0	0	0	0	0	0	0	0	0	0	0	0	0	0	0	0	0	0	0	0	0	0	0	0	0	0	0	0	0	0	0	0	0	0	0	0	0	0	0	0	0	0	0	0
C1T_42	0.05424139	0	0	0.09009954	-0.03185707	-0.05099383	0.09558035	0.05973122	0.04962836	-0.07951463	0.1288287	0.253758	0.03340203	-0.025607	0.06111223	0	-0.03036435	0.1141591	0.1443129	0	0.0178037	0.1104503	0.05424139	0	0.01520671	0	0.131193	0.03641794	0	0.07220605	0.08057766	0.1236382	0.0691823	0	0.8752168	0.7326221	0.01459398	-0.03039489	0.0127508	0.03838426	0	1	0.2204374	0.1105056	0.09586864	0.07694963	0.01792742	-0.01722902	0.1938983	0.09673365	0.1420844	0.07076908	0
C1T_43	0.1382719	0	0	0.2358408	0.1608226	0.2317411	0.04908222	0.3074335	0.07551666	0.3964495	0.2479617	0.662027	-0.01394509	0.03434205	0.03101035	0	0.1133105	0.185289	0.1566665	0	-0.09067509	0.06389244	0.1382719	0	0.003475366	0	0.2138968	0.08013393	0	0.1468149	-0.02077283	-0.07251384	0.05853147	0	0.2247777	0.1192725	0.01430681	0.3412042	0.1013756	0.0657549	0	0.2204374	1	0.1728262	0.1826849	-0.04156723	0.1113422	-0.05432006	0.2796687	0.08009947	0.1189844	0.5437588	0
C1T_44	0.09349147	0	0	0.04064432	0.04699085	0.07954877	0.03943721	0.04761143	-0.01854217	0.01689825	0.1783167	0.1951308	0.03554254	0.008693525	-0.02867169	0	-0.05196031	0.2657761	0.300465	0	-0.01543897	0.07272098	0.09349147	0	0.07070207	0	0.1401468	-0.0004977721	0	0.01958122	-0.03544687	-0.008440287	-0.03417082	0	0.1189242	0.1239797	-0.03980054	0.04830592	0.06594288	0.001160839	0	0.1105056	0.1728262	1	0.008033666	0.0803416	0.03058108	-0.02117817	0.09385751	0.0100997	0.1036265	-0.00163843	0
C1T_45	-0.0519785	0	0	0.0514845	0.02261714	0.2262117	0.02871913	0.06375558	0.06737451	0.1053492	0.1224021	0.1953987	-0.02203714	-0.0306192	0.0998745	0	0.05170219	0.09821606	0.07898995	0	-0.1029271	0.0887735	-0.0519785	0	0.1183743	0	0.1000634	-0.0120444	0	0.07407793	0.1372365	0.1344474	0.04806004	0	0.06439972	0.1139031	0.3388748	0.1192343	0.1227229	0.1750332	0	0.09586864	0.1826849	0.008033666	1	0.02320026	0.05311247	0.09315122	0.6671991	0.02835416	0.2859279	0.165578	0
C1T_46	0.004203491	0	0	0.06666481	0.01130635	-0.04197574	0.07007634	-0.07052323	-0.1642061	-0.02624711	0.007760736	0.03134934	-0.08599264	-0.1182736	0.1157929	0	0.1163287	0.1122761	0.01333329	0	0.01206839	-0.04347661	0.004203491	0	0.05402502	0	-0.1243416	0.06046434	0	-0.0778977	0.05772389	-0.06503237	0.09037871	0	0.05627725	-0.01252845	0.02198972	-0.008787316	0.2106339	0.1251209	0	0.07694963	-0.04156723	0.0803416	0.02320026	1	-0.1925547	0.03243131	0.06051235	0.1403248	0.002909335	0.07481458	0
C1T_47	0.06994807	0	0	0.04757292	0.06583629	0.1221402	-0.0497357	-0.02072729	0.0689032	0.2159403	0.07309347	0.1208485	-0.05685702	0.1119652	0.03921178	0	0.0328852	0.1187476	-0.002268889	0	-0.04983561	-0.04062114	0.06994807	0	0.09830089	0	0.06870704	-0.02156188	0	0.08110054	-0.05750404	0.07398158	0.04883903	0	-0.001797721	0.09864906	0.04835573	0.12082	0.003583001	0.02851616	0	0.01792742	0.1113422	0.03058108	0.05311247	-0.1925547	1	0.08675968	0.09580731	0.2015138	-0.01366364	0.08098514	0
C1T_48	0.1420341	0	0	0.03309009	-0.08016679	0.02510126	-0.03560323	-0.01901073	-0.008661938	0.06955554	0.05722151	-0.06062927	-0.05136853	-0.01047373	-0.02505179	0	0.05131703	0.1131466	0.1479425	0	0.08376196	-0.02596842	0.1420341	0	0.1277126	0	0.06068397	0.1470814	0	-0.01409767	0.07048425	0.09545676	0.02140272	0	0.005741923	0.03558421	0.2192154	0.02832627	0.1022855	-0.007378387	0	-0.01722902	-0.05432006	-0.02117817	0.09315122	0.03243131	0.08675968	1	0.003242014	0.1235899	-0.0224793	0.08278438	0
C1T_49	-0.009403571	0	0	0.0522745	0.02866645	0.3697525	0.06137244	0.1152377	0.04176304	0.08902596	0.1617146	0.3524937	-0.0265047	-0.09956837	0.1040611	0	0.0537274	0.1613561	0.09477568	0	-0.09092411	-0.008381088	-0.009403571	0	0.03063997	0	0.1686436	0.0001394894	0	-0.00865365	0.1322967	0.1104888	0.06581527	0	0.1790161	0.1300828	0.07000244	0.06568018	0.0612504	0.1396451	0	0.1938983	0.2796687	0.09385751	0.6671991	0.06051235	0.09580731	0.003242014	1	0.03781886	0.2520792	0.1360774	0
C1T_50	0.08831283	0	0	-0.017661	-0.01720923	0.03700633	0.03789428	0.02781907	0.06588509	0.06669598	0.06264473	0.1253719	-0.1032855	0.05834246	-0.03981718	0	0.1889222	0.07435773	0.08418297	0	0.03924716	-0.04356287	0.08831283	0	0.02380654	0	0.03408208	0.001391629	0	-0.05309715	0.03986522	-0.06336141	-0.1183601	0	0.09699859	0.1182127	0.2438991	0.0354138	0.03049504	0.01599007	0	0.09673365	0.08009947	0.0100997	0.02835416	0.1403248	0.2015138	0.1235899	0.03781886	1	-0.02471572	0.2156613	0
C1T_51	0.1379665	0	0	0.1294011	-0.1510877	-0.0110217	0.017108	0.03987914	-0.03703771	-0.06199619	0.1114085	0.02944462	0.007534662	0.009238235	-0.03344098	0	0.1084504	0.229541	0.08504359	0	-0.08300433	0.07508694	0.1379665	0	0.0947025	0	0.08185426	0.04123133	0	0.152692	0.1627811	0.01602106	-0.01143153	0	0.1643159	0.1011856	0.01455103	-0.0389472	0.1493318	0.03789856	0	0.1420844	0.1189844	0.1036265	0.2859279	0.002909335	-0.01366364	-0.0224793	0.2520792	-0.02471572	1	0.2355935	0
C1T_52	0.203712	0	0	0.2754191	0.04688961	0.1016911	0.003035248	0.08696524	0.07684393	0.2364022	0.1102928	0.1154299	0.04012512	0.04271596	-0.03872335	0	0.404563	0.2053531	0.08374962	0	-0.05280481	0.04507145	0.203712	0	0.07331656	0	0.1399318	0.1619284	0	0.1029388	-0.05947712	0.02215609	-0.01225473	0	0.06667029	-0.007060467	0.1033702	0.1684562	0.05624343	0.03811983	0	0.07076908	0.5437588	-0.00163843	0.165578	0.07481458	0.08098514	0.08278438	0.1360774	0.2156613	0.2355935	1	0
C1T_53	0	0	0	0	0	0	0	0	0	0	0	0	0	0	0	0	0	0	0	0	0	0	0	0	0	0	0	0	0	0	0	0	0	0	0	0	0	0	0	0	0	0	0	0	0	0	0	0	0	0	0	0	0

C1T_1	samplemean|mean
C1T_2	squareroot
C1T_3	rootmeansquarederror
C1T_4	observations
C1T_5	involves|uses|includes|observes
C1T_6	variance
C1T_7	participated
C1T_8	samples
C1T_9	squared
C1T_10	describes|is|represents
C1T_11	distribution
C1T_12	sample
C1T_13	normal
C1T_14	symmetric
C1T_15	range|set
C1T_16	standarddeviation
C1T_17	units
C1T_18	mean|samplemean|average
C1T_19	density
C1T_20	99.7
C1T_21	subject|participant|participants
C1T_22	variability
C1T_23	mean
C1T_24	standarderror
C1T_25	1|one
C1T_26	2
C1T_27	statistic
C1T_28	observation
C1T_29	95
C1T_30	multiple|many
C1T_31	expect
C1T_32	characteristic
C1T_33	range
C1T_34	1
C1T_35	probability
C1T_36	probability|likelihood|chance
C1T_37	same
C1T_38	represents|describes|shows
C1T_39	divided
C1T_40	individual|single
C1T_41	3
C1T_42	likelihood|probability
C1T_43	represent|describe|sample
C1T_44	population
C1T_45	different|far|variable
C1T_46	dividing
C1T_47	sum
C1T_48	difference
C1T_49	variable|random
C1T_50	equal
C1T_51	count
C1T_52	measure|represent|describe
C1T_53	68

C2T_1	samplemean|mean
C2T_2	squareroot
C2T_3	rootmeansquarederror
C2T_4	observations
C2T_5	involves|uses|includes|observes
C2T_6	variance
C2T_7	participated
C2T_8	samples
C2T_9	squared
C2T_10	describes|is|represents
C2T_11	distribution
C2T_12	sample
C2T_13	normal
C2T_14	symmetric
C2T_15	range|set
C2T_16	standarddeviation
C2T_17	units
C2T_18	mean|samplemean|average
C2T_19	density
C2T_20	99.7
C2T_21	subject|participant|participants
C2T_22	variability
C2T_23	mean
C2T_24	standarderror
C2T_25	1|one
C2T_26	2
C2T_27	statistic
C2T_28	observation
C2T_29	95
C2T_30	multiple|many
C2T_31	expect
C2T_32	characteristic
C2T_33	range
C2T_34	1
C2T_35	probability
C2T_36	probability|likelihood|chance
C2T_37	same
C2T_38	represents|describes|shows
C2T_39	divided
C2T_40	individual|single
C2T_41	3
C2T_42	likelihood|probability
C2T_43	represent|describe|sample
C2T_44	population
C2T_45	different|far|variable
C2T_46	dividing
C2T_47	sum
C2T_48	difference
C2T_49	variable|random
C2T_50	equal
C2T_51	count
C2T_52	measure|represent|describe
C2T_53	68

